{
 "cells": [
  {
   "cell_type": "markdown",
   "metadata": {},
   "source": [
    "https://www.youtube.com/watch?v=tDOv-81dkEU&list=PLxgDUj5eygKmlhteKFiXIIhdqmdD2TwVM&index=4"
   ]
  },
  {
   "cell_type": "code",
   "execution_count": 149,
   "metadata": {},
   "outputs": [],
   "source": [
    "import numpy as np"
   ]
  },
  {
   "cell_type": "code",
   "execution_count": 150,
   "metadata": {},
   "outputs": [],
   "source": [
    "a=np.array([1,2])"
   ]
  },
  {
   "cell_type": "code",
   "execution_count": 151,
   "metadata": {},
   "outputs": [],
   "source": [
    "b=np.array([2,1])"
   ]
  },
  {
   "cell_type": "code",
   "execution_count": 152,
   "metadata": {},
   "outputs": [
    {
     "name": "stdout",
     "output_type": "stream",
     "text": [
      "4\n"
     ]
    }
   ],
   "source": [
    "dot = 0\n",
    "for e,f in zip(a,b):\n",
    "    dot+=e*f\n",
    "print(dot)"
   ]
  },
  {
   "cell_type": "code",
   "execution_count": 153,
   "metadata": {},
   "outputs": [
    {
     "data": {
      "text/plain": [
       "array([2, 2])"
      ]
     },
     "execution_count": 153,
     "metadata": {},
     "output_type": "execute_result"
    }
   ],
   "source": [
    "a*b"
   ]
  },
  {
   "cell_type": "code",
   "execution_count": 6,
   "metadata": {},
   "outputs": [
    {
     "data": {
      "text/plain": [
       "4"
      ]
     },
     "execution_count": 6,
     "metadata": {},
     "output_type": "execute_result"
    }
   ],
   "source": [
    "np.sum(a*b)"
   ]
  },
  {
   "cell_type": "code",
   "execution_count": 7,
   "metadata": {},
   "outputs": [
    {
     "data": {
      "text/plain": [
       "4"
      ]
     },
     "execution_count": 7,
     "metadata": {},
     "output_type": "execute_result"
    }
   ],
   "source": [
    "(a*b).sum()"
   ]
  },
  {
   "cell_type": "code",
   "execution_count": 8,
   "metadata": {},
   "outputs": [
    {
     "data": {
      "text/plain": [
       "4"
      ]
     },
     "execution_count": 8,
     "metadata": {},
     "output_type": "execute_result"
    }
   ],
   "source": [
    "np.dot(a,b)"
   ]
  },
  {
   "cell_type": "code",
   "execution_count": 9,
   "metadata": {},
   "outputs": [
    {
     "data": {
      "text/plain": [
       "4"
      ]
     },
     "execution_count": 9,
     "metadata": {},
     "output_type": "execute_result"
    }
   ],
   "source": [
    "a.dot(b)"
   ]
  },
  {
   "cell_type": "code",
   "execution_count": 10,
   "metadata": {},
   "outputs": [
    {
     "data": {
      "text/plain": [
       "4"
      ]
     },
     "execution_count": 10,
     "metadata": {},
     "output_type": "execute_result"
    }
   ],
   "source": [
    "b.dot(a)"
   ]
  },
  {
   "cell_type": "code",
   "execution_count": 11,
   "metadata": {},
   "outputs": [],
   "source": [
    "amag = np.sqrt((a*a).sum())"
   ]
  },
  {
   "cell_type": "code",
   "execution_count": 12,
   "metadata": {},
   "outputs": [],
   "source": [
    "amag = np.linalg.norm(a)"
   ]
  },
  {
   "cell_type": "markdown",
   "metadata": {},
   "source": [
    "angle = np.arccos(np.dot(a,b)/(np.linalg.norm(a)*np.linalg.norm(b)))\n",
    "print(angle)"
   ]
  },
  {
   "cell_type": "code",
   "execution_count": 13,
   "metadata": {},
   "outputs": [
    {
     "ename": "NameError",
     "evalue": "name 'angle' is not defined",
     "output_type": "error",
     "traceback": [
      "\u001b[0;31m---------------------------------------------------------------------------\u001b[0m",
      "\u001b[0;31mNameError\u001b[0m                                 Traceback (most recent call last)",
      "\u001b[0;32m<ipython-input-13-a976b3ce3b1c>\u001b[0m in \u001b[0;36m<module>\u001b[0;34m\u001b[0m\n\u001b[0;32m----> 1\u001b[0;31m \u001b[0mangledeg\u001b[0m \u001b[0;34m=\u001b[0m \u001b[0mangle\u001b[0m \u001b[0;34m/\u001b[0m \u001b[0mnp\u001b[0m\u001b[0;34m.\u001b[0m\u001b[0mpi\u001b[0m \u001b[0;34m*\u001b[0m \u001b[0;36m180\u001b[0m\u001b[0;34m\u001b[0m\u001b[0;34m\u001b[0m\u001b[0m\n\u001b[0m\u001b[1;32m      2\u001b[0m \u001b[0mprint\u001b[0m\u001b[0;34m(\u001b[0m\u001b[0mstr\u001b[0m\u001b[0;34m(\u001b[0m\u001b[0mangledeg\u001b[0m\u001b[0;34m)\u001b[0m\u001b[0;34m)\u001b[0m\u001b[0;34m\u001b[0m\u001b[0;34m\u001b[0m\u001b[0m\n",
      "\u001b[0;31mNameError\u001b[0m: name 'angle' is not defined"
     ]
    }
   ],
   "source": [
    "angledeg = angle / np.pi * 180\n",
    "print(str(angledeg))"
   ]
  },
  {
   "cell_type": "code",
   "execution_count": 14,
   "metadata": {},
   "outputs": [
    {
     "data": {
      "text/plain": [
       "array([1, 2, 3])"
      ]
     },
     "execution_count": 14,
     "metadata": {},
     "output_type": "execute_result"
    }
   ],
   "source": [
    "t = np.array([1,2,3])\n",
    "t"
   ]
  },
  {
   "cell_type": "code",
   "execution_count": 15,
   "metadata": {},
   "outputs": [
    {
     "name": "stdout",
     "output_type": "stream",
     "text": [
      "[0. 0. 0. 0. 0. 0. 0. 0. 0. 0.]\n"
     ]
    }
   ],
   "source": [
    "k = np.zeros(10)\n",
    "print(k)"
   ]
  },
  {
   "cell_type": "code",
   "execution_count": 16,
   "metadata": {},
   "outputs": [
    {
     "name": "stdout",
     "output_type": "stream",
     "text": [
      "[[0. 0. 0. 0. 0. 0. 0. 0. 0. 0.]\n",
      " [0. 0. 0. 0. 0. 0. 0. 0. 0. 0.]\n",
      " [0. 0. 0. 0. 0. 0. 0. 0. 0. 0.]\n",
      " [0. 0. 0. 0. 0. 0. 0. 0. 0. 0.]\n",
      " [0. 0. 0. 0. 0. 0. 0. 0. 0. 0.]\n",
      " [0. 0. 0. 0. 0. 0. 0. 0. 0. 0.]\n",
      " [0. 0. 0. 0. 0. 0. 0. 0. 0. 0.]\n",
      " [0. 0. 0. 0. 0. 0. 0. 0. 0. 0.]\n",
      " [0. 0. 0. 0. 0. 0. 0. 0. 0. 0.]\n",
      " [0. 0. 0. 0. 0. 0. 0. 0. 0. 0.]]\n"
     ]
    }
   ],
   "source": [
    "k = np.zeros((10,10))\n",
    "print(k)"
   ]
  },
  {
   "cell_type": "code",
   "execution_count": 17,
   "metadata": {},
   "outputs": [
    {
     "name": "stdout",
     "output_type": "stream",
     "text": [
      "[[1. 1. 1. 1. 1. 1. 1. 1. 1. 1.]\n",
      " [1. 1. 1. 1. 1. 1. 1. 1. 1. 1.]\n",
      " [1. 1. 1. 1. 1. 1. 1. 1. 1. 1.]\n",
      " [1. 1. 1. 1. 1. 1. 1. 1. 1. 1.]\n",
      " [1. 1. 1. 1. 1. 1. 1. 1. 1. 1.]\n",
      " [1. 1. 1. 1. 1. 1. 1. 1. 1. 1.]\n",
      " [1. 1. 1. 1. 1. 1. 1. 1. 1. 1.]\n",
      " [1. 1. 1. 1. 1. 1. 1. 1. 1. 1.]\n",
      " [1. 1. 1. 1. 1. 1. 1. 1. 1. 1.]\n",
      " [1. 1. 1. 1. 1. 1. 1. 1. 1. 1.]]\n"
     ]
    }
   ],
   "source": [
    "d=np.ones((10,10))\n",
    "print(d)"
   ]
  },
  {
   "cell_type": "code",
   "execution_count": 18,
   "metadata": {},
   "outputs": [
    {
     "data": {
      "text/plain": [
       "array([[1., 1., 1., 1., 1., 1., 1., 1., 1., 1.],\n",
       "       [1., 1., 1., 1., 1., 1., 1., 1., 1., 1.],\n",
       "       [1., 1., 1., 1., 1., 1., 1., 1., 1., 1.],\n",
       "       [1., 1., 1., 1., 1., 1., 1., 1., 1., 1.],\n",
       "       [1., 1., 1., 1., 1., 1., 1., 1., 1., 1.],\n",
       "       [1., 1., 1., 1., 1., 1., 1., 1., 1., 1.],\n",
       "       [1., 1., 1., 1., 1., 1., 1., 1., 1., 1.],\n",
       "       [1., 1., 1., 1., 1., 1., 1., 1., 1., 1.],\n",
       "       [1., 1., 1., 1., 1., 1., 1., 1., 1., 1.],\n",
       "       [1., 1., 1., 1., 1., 1., 1., 1., 1., 1.]])"
      ]
     },
     "execution_count": 18,
     "metadata": {},
     "output_type": "execute_result"
    }
   ],
   "source": [
    "k+d"
   ]
  },
  {
   "cell_type": "code",
   "execution_count": 19,
   "metadata": {},
   "outputs": [
    {
     "name": "stdout",
     "output_type": "stream",
     "text": [
      "[[0.14420696 0.19899072 0.4188759  0.7831262  0.76262902 0.64255973\n",
      "  0.21733291 0.69218973 0.64328838 0.8081481 ]\n",
      " [0.10252066 0.96683572 0.31347184 0.30581017 0.78088736 0.11454885\n",
      "  0.72388469 0.23539091 0.75674112 0.28618328]\n",
      " [0.18363524 0.76971845 0.06444994 0.97306724 0.41492171 0.1457356\n",
      "  0.24002131 0.1055306  0.2402145  0.61991007]\n",
      " [0.78283923 0.86254192 0.65335822 0.931874   0.17335865 0.36341123\n",
      "  0.11186595 0.15939169 0.23540095 0.96809774]\n",
      " [0.96909518 0.32063852 0.26818506 0.81154102 0.181648   0.8370156\n",
      "  0.47637217 0.77514178 0.68576697 0.37773329]\n",
      " [0.50395492 0.38412107 0.98571217 0.90379587 0.45937328 0.36204837\n",
      "  0.22599864 0.30480968 0.09314703 0.87875437]\n",
      " [0.43158116 0.07257802 0.47595369 0.21214037 0.37107473 0.80908974\n",
      "  0.88135496 0.14755712 0.37734644 0.74374248]\n",
      " [0.59087073 0.3453934  0.72223419 0.67184668 0.15715245 0.96669168\n",
      "  0.50959244 0.71694544 0.12652552 0.87368633]\n",
      " [0.93188433 0.63211687 0.66736961 0.83600267 0.83291272 0.2953317\n",
      "  0.50401059 0.39020794 0.14807272 0.3491935 ]\n",
      " [0.16628326 0.47997051 0.61590962 0.13976612 0.31857467 0.35637021\n",
      "  0.12479036 0.31398165 0.38548211 0.84737208]]\n"
     ]
    }
   ],
   "source": [
    "r = np.random.random((10,10)) # uniformly distributed random numbers beteen 0 and 1\n",
    "print(r)"
   ]
  },
  {
   "cell_type": "code",
   "execution_count": 20,
   "metadata": {},
   "outputs": [
    {
     "name": "stdout",
     "output_type": "stream",
     "text": [
      "[[-0.83953478 -0.27435107  0.60972151  0.14780193 -1.73744114  2.42902823\n",
      "  -0.49488271  1.68369536  0.07818461 -1.40484374]\n",
      " [ 0.44517058 -0.83143975 -0.36347014 -0.79991043 -0.57719427  0.02584634\n",
      "  -1.55487633  2.7017155  -0.3398432  -1.04000454]\n",
      " [-0.04233809  0.79513752 -0.09996355  0.16989807 -1.42636882  1.38065742\n",
      "   1.75987736  0.3929189  -0.16276675  1.47406428]\n",
      " [-0.50635644 -0.68295739 -0.34939089 -0.95429035  0.59011099 -1.26092698\n",
      "  -1.37777032  0.56505334  0.59242916 -0.52906908]\n",
      " [-1.25678721 -0.71742765  0.84022999  1.01871174 -2.37969981 -0.82808784\n",
      "  -0.08285051  0.74536371 -0.78580923  1.91737417]\n",
      " [-1.21245823 -1.33090412  0.49344263 -0.91133586 -2.35637659  1.02204676\n",
      "  -0.51619855  0.66699152  0.8973674  -0.25291462]\n",
      " [ 0.01417853  1.63221851 -0.67945648  0.0434538   0.8901035  -0.74876191\n",
      "   0.24780983 -0.39238815  0.27675204  0.70512532]\n",
      " [ 1.18538698  0.63890118 -1.10002245 -0.71582992  0.22682779  0.45441772\n",
      "   2.04117846  0.2178664   1.29140669  0.65344152]\n",
      " [ 0.02240336  0.32910186 -1.49318081  0.02254252 -1.25041647 -0.34163816\n",
      "   0.02443544 -0.8751019   0.50998569 -0.24442535]\n",
      " [-1.34058967  0.06175416 -0.94117851 -0.76469523  0.08131855 -1.6390214\n",
      "   1.92277876  1.0466769   0.9689846  -0.47107535]]\n"
     ]
    }
   ],
   "source": [
    "g = np.random.randn(10,10) # normally distributed numbers with mean 0 and standard deviation 1\n",
    "print(g)"
   ]
  },
  {
   "cell_type": "code",
   "execution_count": 21,
   "metadata": {},
   "outputs": [
    {
     "data": {
      "text/plain": [
       "-0.04326733607004287"
      ]
     },
     "execution_count": 21,
     "metadata": {},
     "output_type": "execute_result"
    }
   ],
   "source": [
    "g.mean()"
   ]
  },
  {
   "cell_type": "code",
   "execution_count": 22,
   "metadata": {},
   "outputs": [
    {
     "data": {
      "text/plain": [
       "1.044125014301631"
      ]
     },
     "execution_count": 22,
     "metadata": {},
     "output_type": "execute_result"
    }
   ],
   "source": [
    "g.var()"
   ]
  },
  {
   "cell_type": "code",
   "execution_count": 23,
   "metadata": {},
   "outputs": [
    {
     "data": {
      "text/plain": [
       "1.0218243558956848"
      ]
     },
     "execution_count": 23,
     "metadata": {},
     "output_type": "execute_result"
    }
   ],
   "source": [
    "g.std()"
   ]
  },
  {
   "cell_type": "code",
   "execution_count": 24,
   "metadata": {},
   "outputs": [
    {
     "data": {
      "text/plain": [
       "array([[0.46152313, 0.97366908, 0.48553826, 0.68347389, 0.62930349,\n",
       "        0.08106413, 0.4564422 , 0.70662616, 0.98837144, 0.63538711],\n",
       "       [0.47174182, 0.42360867, 0.16692229, 0.84617708, 0.75512423,\n",
       "        0.56586714, 0.2615292 , 0.41501202, 0.96092378, 0.49451105],\n",
       "       [0.34266096, 0.4102935 , 0.35972178, 0.95471342, 0.11413299,\n",
       "        0.64213976, 0.5644536 , 0.23832038, 0.32335813, 0.31222742],\n",
       "       [0.83359337, 0.36661514, 0.28642877, 0.90677461, 0.40790527,\n",
       "        0.619363  , 0.74576638, 0.70047711, 0.61663361, 0.31205532],\n",
       "       [0.08990633, 0.55254253, 0.13273445, 0.32207916, 0.59793868,\n",
       "        0.40469085, 0.97940908, 0.87595781, 0.37873657, 0.3521401 ],\n",
       "       [0.17898038, 0.28125265, 0.27962817, 0.14124313, 0.52375032,\n",
       "        0.62897772, 0.6165104 , 0.97640994, 0.12489247, 0.07201881],\n",
       "       [0.10427401, 0.10887937, 0.6829887 , 0.15263231, 0.17691253,\n",
       "        0.3657469 , 0.1752376 , 0.30967958, 0.28035998, 0.33318173],\n",
       "       [0.20232662, 0.03061281, 0.94481399, 0.12161845, 0.40885461,\n",
       "        0.02622571, 0.05029917, 0.16911687, 0.67945819, 0.47225091],\n",
       "       [0.05977582, 0.11259928, 0.47495282, 0.43979335, 0.35088585,\n",
       "        0.92608502, 0.62320067, 0.13051733, 0.6040414 , 0.64305986],\n",
       "       [0.85038059, 0.53172493, 0.51365952, 0.55794124, 0.1943798 ,\n",
       "        0.02367498, 0.92573616, 0.06672469, 0.48734125, 0.21810085]])"
      ]
     },
     "execution_count": 24,
     "metadata": {},
     "output_type": "execute_result"
    }
   ],
   "source": [
    "A = np.random.random((10,10))\n",
    "A"
   ]
  },
  {
   "cell_type": "code",
   "execution_count": 25,
   "metadata": {},
   "outputs": [
    {
     "data": {
      "text/plain": [
       "array([[ -2.37928451,   3.79997998,  -3.21469589,   0.45388664,\n",
       "          2.34488376,  -3.72988131,  10.10986848,  -4.55913816,\n",
       "         -2.58860439,   1.77380497],\n",
       "       [  1.39470978,   0.20092823,   0.11811794,  -1.6596651 ,\n",
       "         -1.3323852 ,   1.25823696,   0.48644686,  -1.46418707,\n",
       "          0.33846065,   0.85186911],\n",
       "       [  0.29070518,  -0.8159287 ,   1.25880541,  -0.72645356,\n",
       "         -0.98672495,   1.45811243,  -1.62531173,   1.55007157,\n",
       "          0.12194437,   0.11908896],\n",
       "       [ -1.07787763,   0.68373342,   1.72737638,   0.04125598,\n",
       "          1.39271931,  -1.19288037,   0.25791524,   0.75790349,\n",
       "         -1.45680616,  -0.53651693],\n",
       "       [ -4.72537014,   6.91982718,  -1.94558313,  -2.52876281,\n",
       "          5.07678847,  -4.31833266,  11.64478658,  -4.03118135,\n",
       "         -4.60136686,   2.21548984],\n",
       "       [  1.05451242,  -0.6765807 ,   0.14576502,  -0.36337264,\n",
       "         -2.38123104,   2.29942712,  -1.941752  ,  -0.23119121,\n",
       "          1.79424344,   0.03525482],\n",
       "       [  0.5094037 ,  -1.95930613,   0.88574428,   0.30622153,\n",
       "         -0.28968599,   1.21051105,  -4.55302153,   1.97662617,\n",
       "          1.38230887,  -0.0799562 ],\n",
       "       [  1.18635055,  -2.08204451,   0.26524574,   1.7402516 ,\n",
       "         -0.54243091,   0.81932299,  -2.47876548,   1.30598346,\n",
       "          0.48035581,  -1.45728293],\n",
       "       [  6.71463326,  -8.91057432,   3.5775918 ,   1.80131829,\n",
       "         -8.37395812,   9.05879401, -22.29637449,   8.65989932,\n",
       "          7.30957008,  -2.76998538],\n",
       "       [ -5.48248587,   7.63645284,  -5.25401025,   0.31787472,\n",
       "          8.70742115, -10.93843819,  22.30049858,  -8.76555701,\n",
       "         -5.7336802 ,   1.68044501]])"
      ]
     },
     "execution_count": 25,
     "metadata": {},
     "output_type": "execute_result"
    }
   ],
   "source": [
    "Ainv=np.linalg.inv(A)\n",
    "Ainv"
   ]
  },
  {
   "cell_type": "code",
   "execution_count": 26,
   "metadata": {},
   "outputs": [
    {
     "data": {
      "text/plain": [
       "array([[ 1.,  0.,  0.,  0.,  0., -0.,  0., -0., -0., -0.],\n",
       "       [-0.,  1.,  0.,  0., -0., -0.,  0.,  0., -0., -0.],\n",
       "       [-0.,  0.,  1.,  0.,  0., -0.,  0.,  0., -0.,  0.],\n",
       "       [ 0., -0.,  0.,  1.,  0.,  0., -0.,  0.,  0., -0.],\n",
       "       [ 0., -0.,  0.,  0.,  1.,  0., -0.,  0.,  0.,  0.],\n",
       "       [-0.,  0., -0.,  0.,  0.,  1.,  0., -0., -0., -0.],\n",
       "       [ 0.,  0.,  0., -0., -0.,  0.,  1.,  0.,  0., -0.],\n",
       "       [ 0., -0.,  0., -0., -0.,  0., -0.,  1.,  0., -0.],\n",
       "       [ 0.,  0., -0.,  0., -0.,  0.,  0.,  0.,  1., -0.],\n",
       "       [ 0.,  0.,  0.,  0.,  0.,  0.,  0.,  0.,  0.,  1.]])"
      ]
     },
     "execution_count": 26,
     "metadata": {},
     "output_type": "execute_result"
    }
   ],
   "source": [
    "np.round(A.dot(Ainv),2)"
   ]
  },
  {
   "cell_type": "code",
   "execution_count": 27,
   "metadata": {},
   "outputs": [
    {
     "data": {
      "text/plain": [
       "array([[-1.09810e+00,  3.69990e+00, -1.56090e+00,  3.10200e-01,\n",
       "         1.47560e+00, -3.02400e-01,  4.61460e+00, -3.22160e+00,\n",
       "        -2.55850e+00,  1.12710e+00],\n",
       "       [ 6.57900e-01,  8.51000e-02,  1.97000e-02, -1.40440e+00,\n",
       "        -1.00610e+00,  7.12000e-01,  1.27200e-01, -6.07700e-01,\n",
       "         3.25200e-01,  4.21300e-01],\n",
       "       [ 9.96000e-02, -3.34800e-01,  4.52800e-01, -6.93600e-01,\n",
       "        -1.12600e-01,  9.36300e-01, -9.17400e-01,  3.69400e-01,\n",
       "         3.94000e-02,  3.72000e-02],\n",
       "       [-8.98500e-01,  2.50700e-01,  4.94800e-01,  3.74000e-02,\n",
       "         5.68100e-01, -7.38800e-01,  1.92300e-01,  5.30900e-01,\n",
       "        -8.98300e-01, -1.67400e-01],\n",
       "       [-4.24800e-01,  3.82350e+00, -2.58200e-01, -8.14500e-01,\n",
       "         3.03560e+00, -1.74760e+00,  1.14050e+01, -3.53110e+00,\n",
       "        -1.74270e+00,  7.80200e-01],\n",
       "       [ 1.88700e-01, -1.90300e-01,  4.08000e-02, -5.13000e-02,\n",
       "        -1.24720e+00,  1.44630e+00, -1.19710e+00, -2.25700e-01,\n",
       "         2.24100e-01,  2.50000e-03],\n",
       "       [ 5.31000e-02, -2.13300e-01,  6.05000e-01,  4.67000e-02,\n",
       "        -5.12000e-02,  4.42700e-01, -7.97900e-01,  6.12100e-01,\n",
       "         3.87500e-01, -2.66000e-02],\n",
       "       [ 2.40000e-01, -6.37000e-02,  2.50600e-01,  2.11600e-01,\n",
       "        -2.21800e-01,  2.15000e-02, -1.24700e-01,  2.20900e-01,\n",
       "         3.26400e-01, -6.88200e-01],\n",
       "       [ 4.01400e-01, -1.00330e+00,  1.69920e+00,  7.92200e-01,\n",
       "        -2.93830e+00,  8.38920e+00, -1.38951e+01,  1.13030e+00,\n",
       "         4.41530e+00, -1.78130e+00],\n",
       "       [-4.66220e+00,  4.06050e+00, -2.69880e+00,  1.77400e-01,\n",
       "         1.69250e+00, -2.59000e-01,  2.06444e+01, -5.84900e-01,\n",
       "        -2.79430e+00,  3.66500e-01]])"
      ]
     },
     "execution_count": 27,
     "metadata": {},
     "output_type": "execute_result"
    }
   ],
   "source": [
    "np.round(A*Ainv,4)"
   ]
  },
  {
   "cell_type": "code",
   "execution_count": 28,
   "metadata": {},
   "outputs": [
    {
     "data": {
      "text/plain": [
       "array([[-1.09809483e+00,  3.69992302e+00, -1.56085785e+00,\n",
       "         3.10219668e-01,  1.47564354e+00, -3.02359579e-01,\n",
       "         4.61457059e+00, -3.22160629e+00, -2.55850264e+00,\n",
       "         1.12705281e+00],\n",
       "       [ 6.57942930e-01,  8.51149407e-02,  1.97165163e-02,\n",
       "        -1.40437057e+00, -1.00611635e+00,  7.11994953e-01,\n",
       "         1.27220057e-01, -6.07655238e-01,  3.25234885e-01,\n",
       "         4.21258691e-01],\n",
       "       [ 9.96133175e-02, -3.34770245e-01,  4.52819727e-01,\n",
       "        -6.93554965e-01, -1.12617872e-01,  9.36311959e-01,\n",
       "        -9.17413060e-01,  3.69413640e-01,  3.94317028e-02,\n",
       "         3.71828382e-02],\n",
       "       [-8.98511642e-01,  2.50667024e-01,  4.94770301e-01,\n",
       "         3.74098737e-02,  5.68097553e-01, -7.38825971e-01,\n",
       "         1.92344517e-01,  5.30894044e-01, -8.98315649e-01,\n",
       "        -1.67422964e-01],\n",
       "       [-4.24840699e-01,  3.82349883e+00, -2.58245904e-01,\n",
       "        -8.14461798e-01,  3.03560819e+00, -1.74758971e+00,\n",
       "         1.14050097e+01, -3.53114479e+00, -1.74270589e+00,\n",
       "         7.80162818e-01],\n",
       "       [ 1.88737039e-01, -1.90290112e-01,  4.07600060e-02,\n",
       "        -5.13238878e-02, -1.24717052e+00,  1.44628842e+00,\n",
       "        -1.19711031e+00, -2.25737399e-01,  2.24087502e-01,\n",
       "         2.53901028e-03],\n",
       "       [ 5.31175682e-02, -2.13328009e-01,  6.04953331e-01,\n",
       "         4.67392987e-02, -5.12490830e-02,  4.42740662e-01,\n",
       "        -7.97860552e-01,  6.12120771e-01,  3.87544090e-01,\n",
       "        -2.66399438e-02],\n",
       "       [ 2.40030292e-01, -6.37372272e-02,  2.50607890e-01,\n",
       "         2.11646695e-01, -2.21775374e-01,  2.14873236e-02,\n",
       "        -1.24679854e-01,  2.20863834e-01,  3.26381691e-01,\n",
       "        -6.88203189e-01],\n",
       "       [ 4.01372697e-01, -1.00332424e+00,  1.69918730e+00,\n",
       "         7.92207806e-01, -2.93830343e+00,  8.38921338e+00,\n",
       "        -1.38951156e+01,  1.13026695e+00,  4.41528293e+00,\n",
       "        -1.78126641e+00],\n",
       "       [-4.66219957e+00,  4.06049236e+00, -2.69877237e+00,\n",
       "         1.77355416e-01,  1.69254681e+00, -2.58967314e-01,\n",
       "         2.06443780e+01, -5.84879077e-01, -2.79425889e+00,\n",
       "         3.66506482e-01]])"
      ]
     },
     "execution_count": 28,
     "metadata": {},
     "output_type": "execute_result"
    }
   ],
   "source": [
    "np.multiply(A,Ainv)"
   ]
  },
  {
   "cell_type": "code",
   "execution_count": 29,
   "metadata": {},
   "outputs": [
    {
     "data": {
      "text/plain": [
       "array([[ 1.,  0.,  0.,  0.,  0., -0.,  0., -0., -0., -0.],\n",
       "       [-0.,  1.,  0.,  0., -0., -0.,  0.,  0., -0., -0.],\n",
       "       [-0.,  0.,  1.,  0.,  0., -0.,  0.,  0., -0.,  0.],\n",
       "       [ 0., -0.,  0.,  1.,  0.,  0., -0.,  0.,  0., -0.],\n",
       "       [ 0., -0.,  0.,  0.,  1.,  0., -0.,  0.,  0.,  0.],\n",
       "       [-0.,  0., -0.,  0.,  0.,  1.,  0., -0., -0., -0.],\n",
       "       [ 0.,  0.,  0., -0., -0.,  0.,  1.,  0.,  0., -0.],\n",
       "       [ 0., -0.,  0., -0., -0.,  0., -0.,  1.,  0., -0.],\n",
       "       [ 0.,  0., -0.,  0., -0.,  0.,  0.,  0.,  1., -0.],\n",
       "       [ 0.,  0.,  0.,  0.,  0.,  0.,  0.,  0.,  0.,  1.]])"
      ]
     },
     "execution_count": 29,
     "metadata": {},
     "output_type": "execute_result"
    }
   ],
   "source": [
    "np.round(np.matmul(A,Ainv),2)"
   ]
  },
  {
   "cell_type": "code",
   "execution_count": 30,
   "metadata": {},
   "outputs": [
    {
     "data": {
      "text/plain": [
       "array([[ 1.,  0.,  0.,  0.,  0., -0.,  0., -0., -0., -0.],\n",
       "       [-0.,  1.,  0.,  0., -0., -0.,  0.,  0., -0., -0.],\n",
       "       [-0.,  0.,  1.,  0.,  0., -0.,  0.,  0., -0.,  0.],\n",
       "       [ 0., -0.,  0.,  1.,  0.,  0., -0.,  0.,  0., -0.],\n",
       "       [ 0., -0.,  0.,  0.,  1.,  0., -0.,  0.,  0.,  0.],\n",
       "       [-0.,  0., -0.,  0.,  0.,  1.,  0., -0., -0., -0.],\n",
       "       [ 0.,  0.,  0., -0., -0.,  0.,  1.,  0.,  0., -0.],\n",
       "       [ 0., -0.,  0., -0., -0.,  0., -0.,  1.,  0., -0.],\n",
       "       [ 0.,  0., -0.,  0., -0.,  0.,  0.,  0.,  1., -0.],\n",
       "       [ 0.,  0.,  0.,  0.,  0.,  0.,  0.,  0.,  0.,  1.]])"
      ]
     },
     "execution_count": 30,
     "metadata": {},
     "output_type": "execute_result"
    }
   ],
   "source": [
    "np.round(A @ Ainv,2)"
   ]
  },
  {
   "cell_type": "code",
   "execution_count": 31,
   "metadata": {},
   "outputs": [
    {
     "data": {
      "text/plain": [
       "array([[0.46152313, 0.47174182, 0.34266096, 0.83359337, 0.08990633,\n",
       "        0.17898038, 0.10427401, 0.20232662, 0.05977582, 0.85038059],\n",
       "       [0.97366908, 0.42360867, 0.4102935 , 0.36661514, 0.55254253,\n",
       "        0.28125265, 0.10887937, 0.03061281, 0.11259928, 0.53172493],\n",
       "       [0.48553826, 0.16692229, 0.35972178, 0.28642877, 0.13273445,\n",
       "        0.27962817, 0.6829887 , 0.94481399, 0.47495282, 0.51365952],\n",
       "       [0.68347389, 0.84617708, 0.95471342, 0.90677461, 0.32207916,\n",
       "        0.14124313, 0.15263231, 0.12161845, 0.43979335, 0.55794124],\n",
       "       [0.62930349, 0.75512423, 0.11413299, 0.40790527, 0.59793868,\n",
       "        0.52375032, 0.17691253, 0.40885461, 0.35088585, 0.1943798 ],\n",
       "       [0.08106413, 0.56586714, 0.64213976, 0.619363  , 0.40469085,\n",
       "        0.62897772, 0.3657469 , 0.02622571, 0.92608502, 0.02367498],\n",
       "       [0.4564422 , 0.2615292 , 0.5644536 , 0.74576638, 0.97940908,\n",
       "        0.6165104 , 0.1752376 , 0.05029917, 0.62320067, 0.92573616],\n",
       "       [0.70662616, 0.41501202, 0.23832038, 0.70047711, 0.87595781,\n",
       "        0.97640994, 0.30967958, 0.16911687, 0.13051733, 0.06672469],\n",
       "       [0.98837144, 0.96092378, 0.32335813, 0.61663361, 0.37873657,\n",
       "        0.12489247, 0.28035998, 0.67945819, 0.6040414 , 0.48734125],\n",
       "       [0.63538711, 0.49451105, 0.31222742, 0.31205532, 0.3521401 ,\n",
       "        0.07201881, 0.33318173, 0.47225091, 0.64305986, 0.21810085]])"
      ]
     },
     "execution_count": 31,
     "metadata": {},
     "output_type": "execute_result"
    }
   ],
   "source": [
    "A.T"
   ]
  },
  {
   "cell_type": "code",
   "execution_count": 32,
   "metadata": {},
   "outputs": [
    {
     "data": {
      "text/plain": [
       "array([[ 1.,  0.,  0.,  0.,  0., -0.,  0., -0., -0., -0.],\n",
       "       [-0.,  1.,  0.,  0., -0., -0.,  0.,  0., -0., -0.],\n",
       "       [-0.,  0.,  1.,  0.,  0., -0.,  0.,  0., -0.,  0.],\n",
       "       [ 0., -0.,  0.,  1.,  0.,  0., -0.,  0.,  0., -0.],\n",
       "       [ 0., -0.,  0.,  0.,  1.,  0., -0.,  0.,  0.,  0.],\n",
       "       [-0.,  0., -0.,  0.,  0.,  1.,  0., -0., -0., -0.],\n",
       "       [ 0.,  0.,  0., -0., -0.,  0.,  1.,  0.,  0., -0.],\n",
       "       [ 0., -0.,  0., -0., -0.,  0., -0.,  1.,  0., -0.],\n",
       "       [ 0.,  0., -0.,  0., -0.,  0.,  0.,  0.,  1., -0.],\n",
       "       [ 0.,  0.,  0.,  0.,  0.,  0.,  0.,  0.,  0.,  1.]])"
      ]
     },
     "execution_count": 32,
     "metadata": {},
     "output_type": "execute_result"
    }
   ],
   "source": [
    "np.round(np.dot(A,Ainv),2)"
   ]
  },
  {
   "cell_type": "code",
   "execution_count": 33,
   "metadata": {},
   "outputs": [
    {
     "name": "stdout",
     "output_type": "stream",
     "text": [
      "[1500.  700.]\n"
     ]
    }
   ],
   "source": [
    "A = np.array([[1,1],[1.5,4]])\n",
    "b = np.array([2200,5050])\n",
    "x = np.linalg.inv(A).dot(b)\n",
    "print(x)"
   ]
  },
  {
   "cell_type": "code",
   "execution_count": 34,
   "metadata": {},
   "outputs": [
    {
     "name": "stdout",
     "output_type": "stream",
     "text": [
      "[1500.  700.]\n"
     ]
    }
   ],
   "source": [
    "x=np.linalg.solve(A,b)\n",
    "print(x)"
   ]
  },
  {
   "cell_type": "code",
   "execution_count": 35,
   "metadata": {},
   "outputs": [
    {
     "data": {
      "text/plain": [
       "'/Volumes/Seagate/OneDrive/git/machine_learning_examples/linear_regression_class/data_2d.csv'"
      ]
     },
     "execution_count": 35,
     "metadata": {},
     "output_type": "execute_result"
    }
   ],
   "source": [
    "pth = '/Volumes/Seagate/OneDrive/git/machine_learning_examples/linear_regression_class/'\n",
    "file= 'data_2d.csv'\n",
    "k=pth + file\n",
    "k"
   ]
  },
  {
   "cell_type": "code",
   "execution_count": 36,
   "metadata": {},
   "outputs": [],
   "source": [
    "X=[]"
   ]
  },
  {
   "cell_type": "code",
   "execution_count": 37,
   "metadata": {
    "scrolled": true
   },
   "outputs": [
    {
     "data": {
      "text/plain": [
       "'/Users/hilton/Py'"
      ]
     },
     "execution_count": 37,
     "metadata": {},
     "output_type": "execute_result"
    }
   ],
   "source": [
    "import numpy as np\n",
    "import os\n",
    "os.getcwd()"
   ]
  },
  {
   "cell_type": "code",
   "execution_count": 38,
   "metadata": {},
   "outputs": [
    {
     "data": {
      "text/plain": [
       "'/Volumes/Seagate/OneDrive/git/machine_learning_examples/linear_regression_class'"
      ]
     },
     "execution_count": 38,
     "metadata": {},
     "output_type": "execute_result"
    }
   ],
   "source": [
    "os.chdir('/Volumes/Seagate/OneDrive/git/machine_learning_examples/linear_regression_class/')\n",
    "os.getcwd()"
   ]
  },
  {
   "cell_type": "code",
   "execution_count": 39,
   "metadata": {},
   "outputs": [
    {
     "name": "stdout",
     "output_type": "stream",
     "text": [
      "[<map object at 0x113817290>, <map object at 0x113817f50>, <map object at 0x1138290d0>, <map object at 0x113829210>, <map object at 0x113829350>, <map object at 0x1138294d0>, <map object at 0x113829610>, <map object at 0x113829750>, <map object at 0x113829890>, <map object at 0x113829990>, <map object at 0x113829ad0>, <map object at 0x113829c10>, <map object at 0x113829d50>, <map object at 0x113829e90>, <map object at 0x113829fd0>, <map object at 0x11382a150>, <map object at 0x11382a290>, <map object at 0x11382a3d0>, <map object at 0x11382a510>, <map object at 0x11382a650>, <map object at 0x11382a790>, <map object at 0x11382a8d0>, <map object at 0x11382aa10>, <map object at 0x11382ab50>, <map object at 0x11382ac90>, <map object at 0x11382add0>, <map object at 0x11382af10>, <map object at 0x11382c090>, <map object at 0x11382c1d0>, <map object at 0x11382c310>, <map object at 0x11382c490>, <map object at 0x11382c610>, <map object at 0x11382c790>, <map object at 0x11382c910>, <map object at 0x11382ca90>, <map object at 0x11382cc10>, <map object at 0x11382cd90>, <map object at 0x11382cf10>, <map object at 0x11382d0d0>, <map object at 0x11382d250>, <map object at 0x11382d3d0>, <map object at 0x11382d550>, <map object at 0x11382d6d0>, <map object at 0x11382d850>, <map object at 0x11382d9d0>, <map object at 0x11382db50>, <map object at 0x11382dcd0>, <map object at 0x11382de50>, <map object at 0x11382dfd0>, <map object at 0x11382e190>, <map object at 0x11382e310>, <map object at 0x11382e490>, <map object at 0x11382e610>, <map object at 0x11382e790>, <map object at 0x11382e910>, <map object at 0x11382ea90>, <map object at 0x11382ec10>, <map object at 0x11382ed90>, <map object at 0x11382ef10>, <map object at 0x11382f0d0>, <map object at 0x11382f250>, <map object at 0x11382f3d0>, <map object at 0x11382f550>, <map object at 0x11382f6d0>, <map object at 0x11382f850>, <map object at 0x11382f9d0>, <map object at 0x11382fb50>, <map object at 0x11382fcd0>, <map object at 0x11382fe50>, <map object at 0x11382ffd0>, <map object at 0x113831190>, <map object at 0x113831310>, <map object at 0x113831490>, <map object at 0x113831610>, <map object at 0x113831790>, <map object at 0x113831910>, <map object at 0x113831a90>, <map object at 0x113831c10>, <map object at 0x113831d90>, <map object at 0x113831f10>, <map object at 0x1138330d0>, <map object at 0x113833250>, <map object at 0x1138333d0>, <map object at 0x113833550>, <map object at 0x1138336d0>, <map object at 0x113833850>, <map object at 0x1138339d0>, <map object at 0x113833b50>, <map object at 0x113833cd0>, <map object at 0x113833e50>, <map object at 0x11179a6d0>, <map object at 0x11179a810>, <map object at 0x1117924d0>, <map object at 0x111792790>, <map object at 0x111792450>, <map object at 0x111792f90>, <map object at 0x111792a90>, <map object at 0x111792cd0>, <map object at 0x10a9e7390>, <map object at 0x10ab256d0>]\n"
     ]
    }
   ],
   "source": [
    "for line in open('data_2d.csv'):\n",
    "    row = line.split(',') # split each row with a comma\n",
    "    sample = map(float, row) # cast the strings into floating point numbers\n",
    "    X.append(sample) # append the sample of floating point numbers to the X[] list\n",
    "    \n",
    "print(X)"
   ]
  },
  {
   "cell_type": "code",
   "execution_count": 40,
   "metadata": {},
   "outputs": [],
   "source": [
    "import pandas as pd"
   ]
  },
  {
   "cell_type": "code",
   "execution_count": 41,
   "metadata": {},
   "outputs": [
    {
     "data": {
      "text/plain": [
       "pandas.core.frame.DataFrame"
      ]
     },
     "execution_count": 41,
     "metadata": {},
     "output_type": "execute_result"
    }
   ],
   "source": [
    "X = pd.read_csv(\"data_2d.csv\", header = None)\n",
    "type(X)"
   ]
  },
  {
   "cell_type": "code",
   "execution_count": 42,
   "metadata": {},
   "outputs": [
    {
     "name": "stdout",
     "output_type": "stream",
     "text": [
      "<class 'pandas.core.frame.DataFrame'>\n",
      "RangeIndex: 100 entries, 0 to 99\n",
      "Data columns (total 3 columns):\n",
      " #   Column  Non-Null Count  Dtype  \n",
      "---  ------  --------------  -----  \n",
      " 0   0       100 non-null    float64\n",
      " 1   1       100 non-null    float64\n",
      " 2   2       100 non-null    float64\n",
      "dtypes: float64(3)\n",
      "memory usage: 2.5 KB\n"
     ]
    }
   ],
   "source": [
    "X.info()"
   ]
  },
  {
   "cell_type": "code",
   "execution_count": 43,
   "metadata": {},
   "outputs": [
    {
     "data": {
      "text/html": [
       "<div>\n",
       "<style scoped>\n",
       "    .dataframe tbody tr th:only-of-type {\n",
       "        vertical-align: middle;\n",
       "    }\n",
       "\n",
       "    .dataframe tbody tr th {\n",
       "        vertical-align: top;\n",
       "    }\n",
       "\n",
       "    .dataframe thead th {\n",
       "        text-align: right;\n",
       "    }\n",
       "</style>\n",
       "<table border=\"1\" class=\"dataframe\">\n",
       "  <thead>\n",
       "    <tr style=\"text-align: right;\">\n",
       "      <th></th>\n",
       "      <th>0</th>\n",
       "      <th>1</th>\n",
       "      <th>2</th>\n",
       "    </tr>\n",
       "  </thead>\n",
       "  <tbody>\n",
       "    <tr>\n",
       "      <th>0</th>\n",
       "      <td>17.930201</td>\n",
       "      <td>94.520592</td>\n",
       "      <td>320.259530</td>\n",
       "    </tr>\n",
       "    <tr>\n",
       "      <th>1</th>\n",
       "      <td>97.144697</td>\n",
       "      <td>69.593282</td>\n",
       "      <td>404.634472</td>\n",
       "    </tr>\n",
       "    <tr>\n",
       "      <th>2</th>\n",
       "      <td>81.775901</td>\n",
       "      <td>5.737648</td>\n",
       "      <td>181.485108</td>\n",
       "    </tr>\n",
       "    <tr>\n",
       "      <th>3</th>\n",
       "      <td>55.854342</td>\n",
       "      <td>70.325902</td>\n",
       "      <td>321.773638</td>\n",
       "    </tr>\n",
       "    <tr>\n",
       "      <th>4</th>\n",
       "      <td>49.366550</td>\n",
       "      <td>75.114040</td>\n",
       "      <td>322.465486</td>\n",
       "    </tr>\n",
       "  </tbody>\n",
       "</table>\n",
       "</div>"
      ],
      "text/plain": [
       "           0          1           2\n",
       "0  17.930201  94.520592  320.259530\n",
       "1  97.144697  69.593282  404.634472\n",
       "2  81.775901   5.737648  181.485108\n",
       "3  55.854342  70.325902  321.773638\n",
       "4  49.366550  75.114040  322.465486"
      ]
     },
     "execution_count": 43,
     "metadata": {},
     "output_type": "execute_result"
    }
   ],
   "source": [
    "X.head()"
   ]
  },
  {
   "cell_type": "code",
   "execution_count": 44,
   "metadata": {},
   "outputs": [
    {
     "data": {
      "text/html": [
       "<div>\n",
       "<style scoped>\n",
       "    .dataframe tbody tr th:only-of-type {\n",
       "        vertical-align: middle;\n",
       "    }\n",
       "\n",
       "    .dataframe tbody tr th {\n",
       "        vertical-align: top;\n",
       "    }\n",
       "\n",
       "    .dataframe thead th {\n",
       "        text-align: right;\n",
       "    }\n",
       "</style>\n",
       "<table border=\"1\" class=\"dataframe\">\n",
       "  <thead>\n",
       "    <tr style=\"text-align: right;\">\n",
       "      <th></th>\n",
       "      <th>0</th>\n",
       "      <th>1</th>\n",
       "      <th>2</th>\n",
       "    </tr>\n",
       "  </thead>\n",
       "  <tbody>\n",
       "    <tr>\n",
       "      <th>0</th>\n",
       "      <td>17.930201</td>\n",
       "      <td>94.520592</td>\n",
       "      <td>320.259530</td>\n",
       "    </tr>\n",
       "    <tr>\n",
       "      <th>1</th>\n",
       "      <td>97.144697</td>\n",
       "      <td>69.593282</td>\n",
       "      <td>404.634472</td>\n",
       "    </tr>\n",
       "    <tr>\n",
       "      <th>2</th>\n",
       "      <td>81.775901</td>\n",
       "      <td>5.737648</td>\n",
       "      <td>181.485108</td>\n",
       "    </tr>\n",
       "    <tr>\n",
       "      <th>3</th>\n",
       "      <td>55.854342</td>\n",
       "      <td>70.325902</td>\n",
       "      <td>321.773638</td>\n",
       "    </tr>\n",
       "    <tr>\n",
       "      <th>4</th>\n",
       "      <td>49.366550</td>\n",
       "      <td>75.114040</td>\n",
       "      <td>322.465486</td>\n",
       "    </tr>\n",
       "    <tr>\n",
       "      <th>5</th>\n",
       "      <td>3.192702</td>\n",
       "      <td>29.256299</td>\n",
       "      <td>94.618811</td>\n",
       "    </tr>\n",
       "    <tr>\n",
       "      <th>6</th>\n",
       "      <td>49.200784</td>\n",
       "      <td>86.144439</td>\n",
       "      <td>356.348093</td>\n",
       "    </tr>\n",
       "  </tbody>\n",
       "</table>\n",
       "</div>"
      ],
      "text/plain": [
       "           0          1           2\n",
       "0  17.930201  94.520592  320.259530\n",
       "1  97.144697  69.593282  404.634472\n",
       "2  81.775901   5.737648  181.485108\n",
       "3  55.854342  70.325902  321.773638\n",
       "4  49.366550  75.114040  322.465486\n",
       "5   3.192702  29.256299   94.618811\n",
       "6  49.200784  86.144439  356.348093"
      ]
     },
     "execution_count": 44,
     "metadata": {},
     "output_type": "execute_result"
    }
   ],
   "source": [
    "X.head(7)"
   ]
  },
  {
   "cell_type": "code",
   "execution_count": 45,
   "metadata": {},
   "outputs": [
    {
     "data": {
      "text/html": [
       "<div>\n",
       "<style scoped>\n",
       "    .dataframe tbody tr th:only-of-type {\n",
       "        vertical-align: middle;\n",
       "    }\n",
       "\n",
       "    .dataframe tbody tr th {\n",
       "        vertical-align: top;\n",
       "    }\n",
       "\n",
       "    .dataframe thead th {\n",
       "        text-align: right;\n",
       "    }\n",
       "</style>\n",
       "<table border=\"1\" class=\"dataframe\">\n",
       "  <thead>\n",
       "    <tr style=\"text-align: right;\">\n",
       "      <th></th>\n",
       "      <th>0</th>\n",
       "      <th>1</th>\n",
       "      <th>2</th>\n",
       "    </tr>\n",
       "  </thead>\n",
       "  <tbody>\n",
       "    <tr>\n",
       "      <th>95</th>\n",
       "      <td>46.456779</td>\n",
       "      <td>82.000171</td>\n",
       "      <td>336.876154</td>\n",
       "    </tr>\n",
       "    <tr>\n",
       "      <th>96</th>\n",
       "      <td>77.130301</td>\n",
